      0/29     6.24G    0.0288   0.02487   0.00676   0.06043       132       640    0.6961    0.5956    0.6404    0.4341    0.0448   0.04489   0.01492
      1/29     7.05G   0.02941   0.02629   0.00827   0.06398       155       640    0.6908     0.587    0.6328    0.4354   0.04534    0.0448   0.01517
      2/29     7.05G   0.02891    0.0264  0.008427   0.06374       175       640    0.7006    0.5886    0.6372     0.441   0.04515   0.04458   0.01527
      3/29      7.5G   0.02863   0.02636  0.008332   0.06333       108       640     0.683    0.5985    0.6423    0.4477   0.04458   0.04492   0.01514
      4/29      7.5G   0.02851    0.0263  0.008332   0.06314       247       640    0.6849    0.6068    0.6484    0.4563   0.04486   0.04429   0.01504
      5/29      7.5G    0.0284   0.02627  0.008249   0.06292       307       640     0.715       0.6    0.6549    0.4619   0.04434   0.04459   0.01486
      6/29      7.5G   0.02831   0.02622  0.008149   0.06268       209       640    0.7133    0.6046    0.6593    0.4652    0.0439   0.04496   0.01476
      7/29      7.5G   0.02814   0.02601  0.008067   0.06222       103       640    0.7196    0.6023    0.6617     0.468   0.04392   0.04491   0.01469
      8/29      7.5G    0.0281   0.02606  0.008017   0.06218       216       640    0.7121    0.6099    0.6628    0.4692   0.04395   0.04486    0.0147
      9/29      7.5G   0.02798   0.02595  0.007885   0.06181       260       640    0.7206    0.6058    0.6652    0.4708   0.04388   0.04497   0.01469
     10/29      7.5G   0.02785   0.02577  0.007789   0.06141       155       640    0.7255    0.6035    0.6664    0.4718   0.04391   0.04496   0.01467
     11/29      7.5G   0.02778   0.02583  0.007692    0.0613       195       640    0.7253    0.6081    0.6673    0.4731   0.04391   0.04497   0.01468
     12/29      7.5G   0.02769   0.02568  0.007626   0.06099       158       640    0.7249    0.6115    0.6683     0.474   0.04395   0.04496   0.01468
     13/29      7.5G   0.02758   0.02551  0.007486   0.06057       153       640    0.7255    0.6112    0.6692    0.4752   0.04394     0.045    0.0147
     14/29      7.5G   0.02749   0.02547  0.007414   0.06037       202       640    0.7218     0.614    0.6694    0.4758   0.04394   0.04501   0.01469
     15/29      7.5G   0.02741   0.02535  0.007282   0.06004       146       640    0.7217    0.6151    0.6687    0.4758   0.04397   0.04501   0.01469
     16/29      7.5G   0.02726    0.0253   0.00716   0.05972       101       640    0.7187    0.6185    0.6698    0.4771   0.04405   0.04497   0.01469
     17/29      7.5G   0.02719   0.02518  0.007076   0.05944       154       640    0.6973     0.633    0.6703    0.4774   0.04406   0.04501   0.01469
     18/29      7.5G   0.02708   0.02497  0.006991   0.05904       206       640     0.714    0.6231    0.6711    0.4781   0.04402    0.0451   0.01469
     19/29      7.5G   0.02698   0.02498  0.006891   0.05885       209       640    0.7156    0.6241    0.6721    0.4788   0.04396    0.0452   0.01468
     20/29      7.5G   0.02685   0.02484  0.006784   0.05847       132       640    0.7099    0.6259    0.6718    0.4783   0.04398   0.04526   0.01469
     21/29      7.5G   0.02681   0.02476  0.006686   0.05825       219       640    0.7271    0.6132    0.6719    0.4783   0.04399   0.04529   0.01469
     22/29      7.5G   0.02665   0.02459  0.006528   0.05777       146       640    0.7233    0.6157    0.6716    0.4777   0.04401   0.04534   0.01471
     23/29      7.5G    0.0266   0.02444   0.00648   0.05752       172       640    0.7326      0.61    0.6712    0.4779   0.04407   0.04536   0.01473
     24/29      7.5G   0.02649   0.02437  0.006431   0.05729       231       640    0.7049     0.629    0.6718    0.4774   0.04409   0.04542   0.01474
     25/29      7.5G   0.02644   0.02429  0.006326   0.05705       134       640    0.7127    0.6245    0.6713     0.477    0.0441   0.04548   0.01476
     26/29      7.5G   0.02638   0.02428  0.006265   0.05693       159       640     0.715    0.6251    0.6718    0.4779   0.04418   0.04549   0.01478
     27/29      7.5G    0.0263   0.02418  0.006242   0.05672       301       640    0.7178     0.625    0.6724    0.4781    0.0442   0.04554   0.01479
     28/29      7.5G   0.02625   0.02415  0.006144   0.05654        87       640    0.7139     0.627    0.6725    0.4782   0.04425   0.04557    0.0148
     29/29      7.5G   0.02617     0.024  0.006058   0.05623       122       640    0.7135    0.6266    0.6724    0.4782   0.04426   0.04563    0.0148
