      0/49      4.6G    0.0404   0.06182   0.01623    0.1184       135       640    0.6536    0.5109     0.553    0.3602   0.04171    0.0502   0.01787
      1/49      6.2G   0.04061   0.06203   0.01669    0.1193       122       640    0.6609    0.5235    0.5641    0.3701     0.041   0.04959   0.01712
      2/49      6.2G   0.04067   0.06195    0.0167    0.1193        99       640    0.6944    0.5216    0.5733    0.3781   0.04077   0.04905   0.01643
      3/49      6.2G   0.04062   0.06185   0.01662    0.1191        96       640    0.6515    0.5505    0.5799    0.3864   0.04047    0.0488    0.0161
      4/49      6.2G   0.04058   0.06182   0.01652    0.1189       144       640    0.6862    0.5444    0.5883     0.392   0.04006    0.0485   0.01571
      5/49      6.2G   0.04052   0.06153   0.01643    0.1185       214       640    0.6673    0.5533    0.5898    0.3933   0.03986   0.04846   0.01552
      6/49      6.2G    0.0405   0.06147   0.01634    0.1183       192       640    0.6728     0.558    0.5963    0.4002   0.03956    0.0481   0.01524
      7/49      6.2G   0.04047   0.06141   0.01627    0.1181       112       640    0.6903    0.5501    0.5989    0.4021   0.03944   0.04796   0.01513
      8/49      6.2G   0.04042   0.06144   0.01614     0.118       133       640     0.681    0.5621    0.6022    0.4056   0.03932   0.04789   0.01502
      9/49      6.2G   0.04033   0.06124   0.01606    0.1176       128       640      0.69    0.5571    0.6033    0.4078   0.03926   0.04788   0.01496
     10/49      6.2G    0.0403   0.06112     0.016    0.1174       198       640    0.6833    0.5649    0.6057    0.4091   0.03918   0.04785   0.01486
     11/49      6.2G   0.04024   0.06103   0.01594    0.1172       129       640    0.7107    0.5503     0.606      0.41   0.03912   0.04783   0.01479
     12/49      6.2G   0.04016   0.06104   0.01584     0.117       152       640    0.7104    0.5509    0.6062    0.4105   0.03908   0.04778   0.01474
     13/49      6.2G   0.04008   0.06069   0.01575    0.1165       177       640     0.711    0.5506    0.6068     0.411   0.03904   0.04776   0.01471
     14/49      6.2G   0.04001   0.06077   0.01565    0.1164       141       640    0.7106    0.5519    0.6079    0.4118   0.03901   0.04774    0.0147
     15/49      6.2G   0.04002   0.06054   0.01561    0.1162       135       640    0.7018    0.5583    0.6091    0.4123   0.03898   0.04773   0.01467
     16/49      6.2G    0.0399   0.06058   0.01548     0.116       148       640    0.6986    0.5609    0.6098    0.4122   0.03895   0.04772   0.01467
     17/49      6.2G   0.03981   0.06033   0.01543    0.1156       165       640    0.6753    0.5735    0.6102    0.4128   0.03894    0.0477   0.01467
     18/49      6.2G   0.03979   0.06024   0.01527    0.1153       109       640    0.6978    0.5657    0.6111    0.4129   0.03892    0.0477   0.01468
     19/49      6.2G   0.03969   0.06032    0.0152    0.1152       131       640    0.6832    0.5726    0.6107    0.4127   0.03891   0.04772   0.01469
     20/49      6.2G    0.0396   0.05997   0.01511    0.1147       149       640    0.6899    0.5682    0.6105    0.4133    0.0389   0.04772   0.01473
     21/49      6.2G    0.0395   0.05984   0.01495    0.1143       156       640    0.6819    0.5704    0.6098     0.413    0.0389   0.04773   0.01476
     22/49      6.2G   0.03939   0.05961   0.01494    0.1139        87       640    0.7105    0.5549    0.6094    0.4126   0.03891   0.04774   0.01478
     23/49      6.2G   0.03936   0.05951   0.01483    0.1137       152       640    0.6927    0.5605    0.6086    0.4126   0.03892   0.04777   0.01479
     24/49      6.2G   0.03923   0.05918   0.01468    0.1131       120       640    0.6908    0.5619    0.6094    0.4124   0.03893   0.04777   0.01478
     25/49      6.2G   0.03913   0.05934    0.0146    0.1131       107       640     0.695    0.5619    0.6091    0.4122   0.03893   0.04779   0.01481
     26/49      6.2G   0.03908    0.0592   0.01447    0.1128       152       640    0.6773    0.5682    0.6091    0.4126   0.03895    0.0478   0.01484
     27/49      6.2G   0.03895   0.05907   0.01438    0.1124       117       640    0.6933    0.5595     0.608    0.4118   0.03895   0.04784   0.01485
     28/49      6.2G   0.03888   0.05875   0.01428    0.1119       127       640    0.6768    0.5654    0.6078    0.4113   0.03895   0.04787   0.01486
     29/49      6.2G   0.03873   0.05863   0.01416    0.1115       158       640    0.6861    0.5621    0.6073     0.412   0.03897   0.04789   0.01489
     30/49      6.2G   0.03869    0.0584   0.01405    0.1111       103       640     0.677    0.5658     0.607    0.4122   0.03898   0.04791   0.01491
     31/49      6.2G   0.03864   0.05853   0.01397    0.1111       129       640     0.677    0.5651    0.6069    0.4117     0.039   0.04794   0.01494
     32/49      6.2G   0.03848   0.05808   0.01384    0.1104       154       640    0.6847    0.5622     0.606    0.4109   0.03901   0.04797   0.01495
     33/49      6.2G   0.03837   0.05808   0.01369    0.1101       124       640    0.6907    0.5602    0.6058    0.4111   0.03902     0.048   0.01496
     34/49      6.2G    0.0383   0.05782   0.01363    0.1098       107       640    0.6883    0.5593    0.6054    0.4108   0.03905   0.04803   0.01497
     35/49      6.2G   0.03819   0.05761   0.01355    0.1093       172       640    0.6913    0.5563    0.6042    0.4105   0.03906   0.04807   0.01497
     36/49      6.2G    0.0381   0.05738   0.01344    0.1089        91       640    0.7039    0.5496    0.6044    0.4104   0.03909   0.04812   0.01498
     37/49      6.2G   0.03795   0.05733   0.01335    0.1086       151       640    0.6861    0.5596    0.6048    0.4107   0.03911   0.04817   0.01501
     38/49      6.2G   0.03791   0.05711   0.01328    0.1083       120       640    0.7021    0.5505    0.6042    0.4103   0.03912   0.04821   0.01503
     39/49      6.2G   0.03786   0.05705   0.01314     0.108       140       640    0.7023    0.5513    0.6044    0.4101   0.03913   0.04825   0.01503
     40/49      6.2G   0.03778   0.05702   0.01312    0.1079       154       640    0.7032    0.5526    0.6054    0.4107   0.03914   0.04829   0.01504
     41/49      6.2G   0.03766   0.05677   0.01299    0.1074       145       640    0.6866    0.5622    0.6047    0.4102   0.03915   0.04834   0.01505
     42/49      6.2G   0.03759   0.05659   0.01289    0.1071       105       640    0.6876    0.5597    0.6041    0.4096   0.03917   0.04839   0.01507
     43/49      6.2G   0.03754   0.05657   0.01284     0.107       171       640    0.6695    0.5715    0.6044    0.4096   0.03919   0.04845    0.0151
     44/49      6.2G    0.0375    0.0565   0.01277    0.1068       148       640    0.6762    0.5662    0.6037     0.409   0.03921    0.0485   0.01513
     45/49      6.2G   0.03743    0.0565   0.01276    0.1067       187       640    0.6838    0.5619    0.6032    0.4086   0.03924   0.04854   0.01515
     46/49      6.2G   0.03737   0.05622   0.01268    0.1063       166       640    0.6861    0.5617    0.6031     0.409   0.03925   0.04857   0.01516
     47/49      6.2G   0.03734   0.05621   0.01262    0.1062       165       640    0.6899    0.5604    0.6032    0.4087   0.03926   0.04861   0.01517
     48/49      6.2G    0.0373   0.05611   0.01255     0.106       183       640    0.6876    0.5613    0.6037    0.4088   0.03927   0.04864   0.01518
     49/49      6.2G   0.03729   0.05606   0.01256    0.1059       167       640    0.7125    0.5454    0.6029    0.4085   0.03928   0.04869   0.01518
